1

6

30

(+ 2 5)

2

(/ 8 4)

930

(+ 18 8)

7

(+ 5 50)

9

(+ 9 5)

2

9

2

(* 4 6)

1

(+ 40 1)

(- 3 7)

8

3

(+ 5 5)

(/ 1 1)

9

6

7

(+ 10 2)

2

(/ 5 1)

(/ 9 7)

(/ 6 60)

(/ 4 4)

9

40

910

3

(+ 6 2540)

9

6

(/ 6 6)

(/ 88 8)

1

5

6

1

(- 4 2)

(/ 2 4)

(* 4 1)

20

9

5

20

(* 60 2)

(+ 6 60)

1

(/ 3 5)

6

6

4

7

5

(* 8 10)

(+ 9 9)

(+ 2 44)

7

(/ 4 1)

3

4

(/ 5 30)

4

9

(- 15 2)

(+ 1 6)

1

(+ 3 96)

(+ 5 6)

(- 8 2)

(* 77 204)

(- 6 5)

(- 30 8)

3

31

8

(+ 4 5)

(* 5 4)

3

6

(- 1 7)

(+ 5 3)

9

(- 4 9)

5

(+ 6 9)

29

(/ 3 22)

(+ 8 9)

(/ 2 8)

1

(+ 7 60)

