55.272627873862945 -87.10751469893444 189 56 236 point_0
90.47115810046279 65.0743087156556 250 61 53 point_1
-40.74836770780534 -27.696514676440543 184 90 158 point_2
-39.36858294498799 79.31418354722913 77 154 9 point_3
-93.09075713257191 -69.57834648319701 39 232 75 point_4
-75.9817729898804 64.01380081941548 82 180 51 point_5
-9.01089243534075 31.293803024710996 58 181 177 point_6
82.41280377126066 23.089668494611786 70 67 142 point_7
52.786080028782294 73.86833512395509 152 145 85 point_8
-79.83646984912527 21.264024325852546 174 112 80 point_9
-75.89281048448264 -93.01456992513415 254 217 148 point_10
54.67340038455296 83.8883195475988 223 156 74 point_11
-49.26146211830724 -56.68473642191125 67 142 19 point_12
-10.54989966265758 97.82342609565958 140 196 208 point_13
-22.01349641835884 18.24537708372344 26 248 196 point_14
-41.35785739464468 -65.09226899391305 145 109 58 point_15
-83.83036192893118 -77.98062436921708 188 61 16 point_16
-63.152830299810894 -18.912792341398927 13 60 114 point_17
53.28927770875998 3.731630142820805 184 93 68 point_18
11.872411670515405 83.77332507232595 151 157 100 point_19
-93.04222062379633 75.68404240917249 36 104 9 point_20
47.38204456712353 -48.058209674658414 202 105 207 point_21
77.35033054260009 14.393098921360973 147 176 121 point_22
38.53061057720069 -91.3845276112904 45 247 153 point_23
-48.7412038676726 -21.80372566005701 170 231 135 point_24
63.918013439305724 0.6829069593091219 123 131 37 point_25
76.03261975339603 -12.870060851056692 15 187 36 point_26
-4.319501945195611 -80.68188100788451 134 8 194 point_27
36.06620751645585 32.62993136733013 238 138 80 point_28
97.80522504221884 -50.24713804779817 31 144 234 point_29
-67.08921289123373 56.25755886429934 40 57 142 point_30
-65.2933781814202 -27.292898750921424 97 237 181 point_31
-64.6021606732701 26.951995990578254 178 243 66 point_32
81.716890570017 -75.51353770139293 195 187 229 point_33
31.693092170865413 61.53278235076496 48 67 184 point_34
72.28742575434083 -99.71930667544737 233 50 71 point_35
57.16685362824944 26.683737032114948 16 224 215 point_36
21.608309882579803 -55.985036207373405 131 194 235 point_37
-12.308136254724957 37.55546641758906 148 162 136 point_38
-49.3436906256125 74.9958803183356 16 72 250 point_39
42.03804110177077 -25.12794711414692 180 199 37 point_40
74.62867990880159 23.346371023948592 213 3 131 point_41
27.85830800031748 -32.361336228040955 225 83 31 point_42
-63.4182256719058 47.112440946852644 244 6 36 point_43
-72.76895368532807 -89.23940358766924 87 17 79 point_44
-45.029155378990524 -72.8531427088162 161 93 202 point_45
33.38788772184745 14.758300821093727 4 218 191 point_46
-4.391744362094286 -4.108311050646691 56 62 21 point_47
-1.3839341767749147 57.04549731314859 63 233 156 point_48
0.18651379585270433 51.60625872962197 243 206 223 point_49
78.17852804195016 3.9795449398333886 64 38 93 point_50
14.844287734294852 17.74884886540727 76 165 174 point_51
-95.92045791446463 4.986084706852495 215 225 199 point_52
-82.90766055191744 77.1394561734208 217 164 231 point_53
99.11834540982105 9.567314708566315 50 254 79 point_54
-85.90945764501396 -69.9955898008677 26 123 31 point_55
54.44030951093498 45.24268879363174 40 216 102 point_56
-99.2282624664619 74.20328377695895 48 223 172 point_57
-68.7829487023491 -99.47425687170019 189 14 228 point_58
-14.588175873796857 -69.57941945442715 154 155 141 point_59
33.1143317860801 -22.90167435089036 106 72 85 point_60
-81.61440403842292 92.82814957598825 1 149 84 point_61
-87.93123848657143 49.56154343869585 14 67 145 point_62
-70.52437003069257 16.915412979598287 47 58 135 point_63